40
Tax0	0.0	0.35824	0.33549	0.32694	0.31966	0.31099	0.39092	0.32214	0.30447	.	0.55185	0.45192	0.40236	.	0.43711	0.45781	0.38619	.	1.03193	1.03559	1.15266	1.15924	1.09844	1.08588	0.84728	0.84959	0.82091	0.71402	0.92166	0.86136	0.86314	0.86133	0.86777	.	0.94266	.	0.85919	0.75406	.	0.76782
Tax1	0.35824	0.0	0.50473	0.49618	0.48891	.	0.56016	0.49139	.	0.60506	0.72109	0.62116	0.57161	0.53667	.	0.62705	.	.	.	1.20484	1.3219	1.32848	1.26769	.	1.01652	1.01883	0.99016	.	1.0909	.	1.03238	1.03058	1.03702	1.02042	1.1119	1.01444	1.02844	0.9233	0.92737	0.93707
Tax30	0.33549	0.50473	0.0	.	0.08744	0.1046	0.21071	0.23611	0.23752	0.36887	0.4849	0.38497	0.513	0.47806	0.54774	.	0.49683	0.42072	.	1.14623	.	.	1.20908	1.19652	0.95791	0.96023	0.93155	0.82465	1.03229	.	0.97378	0.97197	0.97841	0.96182	1.0533	0.95583	0.96983	.	0.86876	.
Tax31	0.32694	0.49618	.	0.0	0.07889	0.09605	0.20215	0.22756	0.22897	0.36031	.	0.37642	0.50445	0.46951	0.53919	0.55989	0.48828	0.41217	1.13401	1.13767	1.25474	1.26132	1.20053	.	0.94936	0.95167	.	0.8161	1.02374	0.96344	.	0.96341	0.96986	.	1.04474	0.94728	0.96127	0.85614	.	0.8699
Tax24	0.31966	0.48891	0.08744	0.07889	0.0	0.08877	.	0.22028	.	.	0.46908	.	0.49717	.	0.53192	0.55262	0.48101	0.40489	1.12674	1.1304	1.24747	.	.	1.18069	0.94209	0.9444	0.91572	0.80883	.	.	0.95795	.	0.96259	0.94599	1.03747	0.94	0.954	0.84887	0.85293	.
Tax21	0.31099	.	0.1046	0.09605	0.08877	0.0	0.18621	0.21161	0.21302	0.34437	0.4604	.	0.4885	0.45356	0.52325	0.54395	0.47233	.	1.11807	1.12173	.	1.24538	.	1.17202	.	0.93573	.	0.80016	1.0078	0.9475	0.94928	0.94747	.	0.93732	1.0288	0.93133	0.94533	.	.	0.85396
Tax11	0.39092	0.56016	0.21071	0.20215	.	0.18621	0.0	0.29154	0.29295	0.42429	.	0.4404	0.56843	0.53349	0.60317	0.62387	0.55226	.	1.19799	1.20166	1.31872	.	1.26451	1.25195	.	1.01565	0.98697	.	.	1.02742	1.0292	1.02739	1.03384	1.01724	1.10872	1.01126	.	.	0.92419	.
Tax5	0.32214	0.49139	0.23611	0.22756	0.22028	0.21161	0.29154	0.0	0.22417	.	0.47156	0.37163	.	0.46471	0.5344	0.5551	0.48348	.	.	.	1.24995	.	1.19573	1.18317	.	.	.	0.81131	1.01895	0.95865	0.96043	.	0.96507	.	1.03995	0.94248	0.95648	0.85135	.	0.86511
Tax12	0.30447	.	0.23752	0.22897	.	0.21302	0.29295	0.22417	0.0	0.25661	.	0.34122	0.48198	0.44704	0.51672	0.53742	0.46581	0.3897	1.11154	.	.	1.23885	.	1.1655	0.92689	0.9292	0.90053	0.79363	1.00127	0.94097	0.94275	.	0.94739	0.93079	.	.	0.9388	.	.	.
Tax13	.	0.60506	0.36887	0.36031	.	0.34437	0.42429	.	0.25661	0.0	.	0.47256	0.61332	0.57839	0.64807	0.66877	0.59716	.	.	.	1.36362	1.3702	1.3094	1.29684	1.05824	1.06055	1.03187	0.92498	1.13262	1.07232	.	1.07229	1.07874	1.06214	1.15362	1.05615	.	.	0.96908	.
Tax7	0.55185	0.72109	0.4849	.	0.46908	0.4604	.	0.47156	.	.	0.0	0.5886	.	0.69442	0.7641	0.78481	0.71319	0.63708	1.35892	1.36259	1.47965	1.48624	1.42544	1.41288	.	1.17658	1.14791	1.04101	1.24865	1.18835	1.19014	1.18833	1.19477	1.17818	.	1.17219	1.18619	1.08105	1.08512	1.09482
Tax6	0.45192	0.62116	0.38497	0.37642	.	.	0.4404	0.37163	0.34122	0.47256	0.5886	0.0	.	0.59449	0.66417	0.68488	0.61326	.	1.25899	1.26266	1.37972	1.38631	.	1.31295	1.07434	1.07665	1.04798	0.94108	1.14872	1.08842	1.09021	1.0884	1.09484	.	1.16973	1.07226	1.08626	0.98112	0.98519	.
Tax9	0.40236	0.57161	0.513	0.50445	0.49717	0.4885	0.56843	.	0.48198	0.61332	.	.	0.0	0.16814	.	0.32679	0.25517	0.28415	1.10347	1.10713	1.2242	1.23078	1.16999	1.15742	0.91882	0.92113	.	0.78556	.	.	0.93468	0.93287	0.93932	0.92272	1.0142	.	.	.	0.82967	0.83936
Tax10	.	0.53667	0.47806	0.46951	.	0.45356	0.53349	0.46471	0.44704	0.57839	0.69442	0.59449	0.16814	0.0	.	0.29185	.	0.24921	1.06853	1.0722	1.18926	.	1.13505	.	0.88388	0.88619	0.85752	0.75062	.	.	.	0.89794	.	0.88779	0.97926	0.8818	0.8958	.	0.79473	.
Tax16	0.43711	.	0.54774	0.53919	0.53192	0.52325	0.60317	0.5344	0.51672	0.64807	0.7641	0.66417	.	.	0.0	0.22643	0.24379	0.31889	1.13821	.	1.25895	1.26553	1.20473	1.19217	0.95356	0.95588	.	.	1.02795	.	0.96943	0.96762	0.97406	0.95747	1.04895	0.95148	0.96548	0.86035	0.86441	0.87411
Tax17	0.45781	0.62705	.	0.55989	0.55262	0.54395	0.62387	0.5551	0.53742	0.66877	0.78481	0.68488	0.32679	0.29185	0.22643	0.0	0.26449	.	1.15892	1.16258	1.27965	1.28623	.	1.21287	0.97427	0.97658	0.9479	.	.	0.98835	0.99013	0.98832	0.99477	0.97817	.	.	.	0.88105	0.88511	0.89481
Tax8	0.38619	.	0.49683	0.48828	0.48101	0.47233	0.55226	0.48348	0.46581	0.59716	0.71319	0.61326	0.25517	.	0.24379	0.26449	0.0	0.26798	1.0873	1.09097	1.20803	.	1.15382	1.14126	.	0.90496	0.87629	.	0.97703	.	0.91851	0.91671	0.92315	0.90655	0.99803	0.90057	0.91457	.	0.8135	0.8232
Tax2	.	.	0.42072	0.41217	0.40489	.	.	.	0.3897	.	0.63708	.	0.28415	0.24921	0.31889	.	0.26798	0.0	1.01119	1.01485	1.13192	.	1.07771	1.06514	.	0.82885	.	0.69328	.	0.84062	0.8424	.	0.84704	0.83044	.	0.82445	0.83845	.	.	.
Tax19	1.03193	.	.	1.13401	1.12674	1.11807	1.19799	.	1.11154	.	1.35892	1.25899	1.10347	1.06853	1.13821	1.15892	1.0873	1.01119	0.0	0.10595	.	0.28865	.	0.2153	0.7881	.	.	0.65485	0.86249	0.80219	0.80397	0.80216	0.99958	0.98299	1.07447	0.977	0.991	1.07152	1.07559	1.08529
Tax20	1.03559	1.20484	1.14623	1.13767	1.1304	1.12173	1.20166	.	.	.	1.36259	1.26266	1.10713	1.0722	.	1.16258	1.09097	1.01485	0.10595	0.0	0.28574	0.29232	0.23152	0.21896	.	0.79408	0.7654	0.65851	0.86615	0.80585	.	.	1.00325	0.98665	.	.	0.99466	1.07519	1.07925	1.08895
Tax34	1.15266	1.3219	.	1.25474	1.24747	.	1.31872	1.24995	.	1.36362	1.47965	1.37972	1.2242	1.18926	1.25895	1.27965	1.20803	1.13192	.	0.28574	0.0	.	0.3154	0.3033	0.90883	0.91115	0.88247	0.77558	.	.	0.9247	0.92289	1.12031	.	1.1952	.	1.11173	1.19225	1.19632	1.20602
Tax35	1.15924	1.32848	.	1.26132	.	1.24538	.	.	1.23885	1.3702	1.48624	1.38631	1.23078	.	1.26553	1.28623	.	.	0.28865	0.29232	.	0.0	.	0.30988	.	0.91773	0.88905	0.78216	0.9898	0.9295	0.93128	.	.	.	1.20178	1.10431	1.11831	1.19884	1.2029	1.2126
Tax15	1.09844	1.26769	1.20908	1.20053	.	.	1.26451	1.19573	.	1.3094	1.42544	.	1.16999	1.13505	1.20473	.	1.15382	1.07771	.	0.23152	0.3154	.	0.0	0.24908	0.85462	0.85693	0.82825	0.72136	.	.	0.87048	.	1.0661	1.0495	1.14098	1.04352	1.05751	1.13804	1.14211	1.1518
Tax14	1.08588	.	1.19652	.	1.18069	1.17202	1.25195	1.18317	1.1655	1.29684	1.41288	1.31295	1.15742	.	1.19217	1.21287	1.14126	1.06514	0.2153	0.21896	0.3033	0.30988	0.24908	0.0	0.84206	.	0.81569	.	0.91644	.	0.85792	0.85611	1.05354	1.03694	1.12842	.	.	1.12548	1.12954	.
Tax32	0.84728	1.01652	0.95791	0.94936	0.94209	.	.	.	0.92689	1.05824	.	1.07434	0.91882	0.88388	0.95356	0.97427	.	.	0.7881	.	0.90883	.	0.85462	0.84206	0.0	0.02448	0.52589	0.419	0.62664	0.56634	0.56812	0.56631	0.81493	0.79834	0.88982	0.79235	0.80635	0.88687	.	.
Tax33	0.84959	1.01883	0.96023	0.95167	0.9444	0.93573	1.01565	.	0.9292	1.06055	1.17658	1.07665	0.92113	0.88619	0.95588	0.97658	0.90496	0.82885	.	0.79408	0.91115	0.91773	0.85693	.	0.02448	0.0	0.52821	0.42131	0.62895	0.56865	0.57044	0.56863	0.81724	0.80065	0.89213	.	0.80866	0.88919	0.89325	.
Tax3	0.82091	0.99016	0.93155	.	0.91572	.	0.98697	.	0.90053	1.03187	1.14791	1.04798	.	0.85752	.	0.9479	0.87629	.	.	0.7654	0.88247	0.88905	0.82825	0.81569	0.52589	0.52821	0.0	0.32223	0.57878	0.51848	0.52026	0.51846	0.78857	0.77197	.	0.76598	0.77998	0.86051	0.86457	0.87427
Tax4	0.71402	.	0.82465	0.8161	0.80883	0.80016	.	0.81131	0.79363	0.92498	1.04101	0.94108	0.78556	0.75062	.	.	.	0.69328	0.65485	0.65851	0.77558	0.78216	0.72136	.	0.419	0.42131	0.32223	0.0	0.47189	.	0.41337	.	0.68167	0.66508	.	.	0.67309	.	0.75768	0.76738
Tax25	0.92166	1.0909	1.03229	1.02374	.	1.0078	.	1.01895	1.00127	1.13262	1.24865	1.14872	.	.	1.02795	.	0.97703	.	0.86249	0.86615	.	0.9898	.	0.91644	0.62664	0.62895	0.57878	0.47189	0.0	0.11327	0.51449	0.51268	.	0.87272	0.9642	0.86673	.	0.96126	0.96532	.
Tax26	0.86136	.	.	0.96344	.	0.9475	1.02742	0.95865	0.94097	1.07232	1.18835	1.08842	.	.	.	0.98835	.	0.84062	0.80219	0.80585	.	0.9295	.	.	0.56634	0.56865	0.51848	.	0.11327	0.0	.	0.45238	0.82902	.	0.9039	.	0.82043	0.90096	.	.
Tax38	0.86314	1.03238	0.97378	.	0.95795	0.94928	1.0292	0.96043	0.94275	.	1.19014	1.09021	0.93468	.	0.96943	0.99013	0.91851	0.8424	0.80397	.	0.9247	0.93128	0.87048	0.85792	0.56812	0.57044	0.52026	0.41337	0.51449	.	0.0	0.00375	0.8308	0.8142	.	0.80821	0.82221	0.90274	0.9068	0.9165
Tax39	0.86133	1.03058	0.97197	0.96341	.	0.94747	1.02739	.	.	1.07229	1.18833	1.0884	0.93287	0.89794	0.96762	0.98832	0.91671	.	0.80216	.	0.92289	.	.	0.85611	0.56631	0.56863	0.51846	.	0.51268	0.45238	0.00375	0.0	0.82899	.	0.90387	0.8064	0.8204	0.90093	0.90499	0.91469
Tax22	0.86777	1.03702	0.97841	0.96986	0.96259	.	1.03384	0.96507	0.94739	1.07874	1.19477	1.09484	0.93932	.	0.97406	0.99477	0.92315	0.84704	0.99958	1.00325	1.12031	.	1.0661	1.05354	0.81493	0.81724	0.78857	0.68167	.	0.82902	0.8308	0.82899	0.0	.	.	.	0.1937	0.90737	0.91144	0.92114
Tax23	.	1.02042	0.96182	.	0.94599	0.93732	1.01724	.	0.93079	1.06214	1.17818	.	0.92272	0.88779	0.95747	0.97817	0.90655	0.83044	0.98299	0.98665	.	.	1.0495	1.03694	0.79834	0.80065	0.77197	0.66508	0.87272	.	0.8142	.	.	0.0	0.26057	0.1631	.	0.89078	0.89484	0.90454
Tax27	0.94266	1.1119	1.0533	1.04474	1.03747	1.0288	1.10872	1.03995	.	1.15362	.	1.16973	1.0142	0.97926	1.04895	.	0.99803	.	1.07447	.	1.1952	1.20178	1.14098	1.12842	0.88982	0.89213	.	.	0.9642	0.9039	.	0.90387	.	0.26057	0.0	0.14121	.	0.98226	0.98632	.
Tax28	.	1.01444	0.95583	0.94728	0.94	0.93133	1.01126	0.94248	.	1.05615	1.17219	1.07226	.	0.8818	0.95148	.	0.90057	0.82445	0.977	.	.	1.10431	1.04352	.	0.79235	.	0.76598	.	0.86673	.	0.80821	0.8064	.	0.1631	0.14121	0.0	.	.	0.88885	0.89855
Tax18	0.85919	1.02844	0.96983	0.96127	0.954	0.94533	.	0.95648	0.9388	.	1.18619	1.08626	.	0.8958	0.96548	.	0.91457	0.83845	0.991	0.99466	1.11173	1.11831	1.05751	.	0.80635	0.80866	0.77998	0.67309	.	0.82043	0.82221	0.8204	0.1937	.	.	.	0.0	0.89879	0.90285	0.91255
Tax36	0.75406	0.9233	.	0.85614	0.84887	.	.	0.85135	.	.	1.08105	0.98112	.	.	0.86035	0.88105	.	.	1.07152	1.07519	1.19225	1.19884	1.13804	1.12548	0.88687	0.88919	0.86051	.	0.96126	0.90096	0.90274	0.90093	0.90737	0.89078	0.98226	.	0.89879	0.0	.	0.06395
Tax37	.	0.92737	0.86876	.	0.85293	.	0.92419	.	.	0.96908	1.08512	0.98519	0.82967	0.79473	0.86441	0.88511	0.8135	.	1.07559	1.07925	1.19632	1.2029	1.14211	1.12954	.	0.89325	0.86457	0.75768	0.96532	.	0.9068	0.90499	0.91144	0.89484	0.98632	0.88885	0.90285	.	0.0	0.06802
Tax29	0.76782	0.93707	.	0.8699	.	0.85396	.	0.86511	.	.	1.09482	.	0.83936	.	0.87411	0.89481	0.8232	.	1.08529	1.08895	1.20602	1.2126	1.1518	.	.	.	0.87427	0.76738	.	.	0.9165	0.91469	0.92114	0.90454	.	0.89855	0.91255	0.06395	0.06802	0.0
